<new sheet>
sheet_name: GDP Implicit price deflator
,,GDP Implicit Price Deflator (2002=100),Agriculture,Industry,Services,GDP Implicit Price Deflator (2010=100),Agriculture,Industry,Services,GDP Implicit Price Deflator (2015=100),Agriculture,Industry,Services
2002,Q1,100,100,100,100,,,,,,,,
,Q2,100,100,100,100,,,,,,,,
,Q3,100,100,100,100,,,,,,,,
,Q4,100,100,100,100,,,,,,,,
2003,Q1,105.3,103.2,108.1,104.5,,,,,,,,
,Q2,105,98,107.7,105.4,,,,,,,,
,Q3,105.1,98.6,105.7,106.3,,,,,,,,
,Q4,105.2,106.6,110.5,102.5,,,,,,,,
2004,Q1,110,104.2,114.6,109.3,,,,,,,,
,Q2,111.8,105.2,116.9,110.9,,,,,,,,
,Q3,114.4,109.5,115.4,115,,,,,,,,
,Q4,121.4,126,126.4,118.3,,,,,,,,
2005,Q1,121.4,120.3,128.5,118.2,,,,,,,,
,Q2,123.5,116.9,138.7,118,,,,,,,,
,Q3,126.4,113.7,129.4,127.8,,,,,,,,
,Q4,133.8,130.4,146.1,128.6,,,,,,,,
2006,Q1,129.9,121.6,143.7,125.1,,,,,,,,
,Q2,138.4,126.1,158,131.9,,,,,,,,
,Q3,141,128.1,148.6,140.1,,,,,,,,
,Q4,152.9,146.1,160.1,150.7,,,,,,,,
2007,Q1,148,147.3,157.9,143.4,,,,,,,,
,Q2,157,146.3,173.4,151.6,,,,,,,,
,Q3,160.5,156.1,164.8,159.3,,,,,,,,
,Q4,175.3,183.7,178.2,172.5,,,,,,,,
2008,Q1,174,205.7,178.8,164.4,,,,,,,,
,Q2,186,216.7,200.7,173.2,,,,,,,,
,Q3,190.2,207.4,194.4,184.5,,,,,,,,
,Q4,195.5,194.4,196.5,195.2,,,,,,,,
2009,Q1,191.9,214.7,202.8,181.2,,,,,,,,
,Q2,190.8,188.4,205.6,184.3,,,,,,,,
,Q3,192.1,203.6,194.9,188.5,,,,,,,,
,Q4,214.4,226.9,214.9,212,,,,,,,,
2010,Q1,206.5,237.7,215.5,194.6,100.6428155726865,98.55394920378123,98.21513074852251,101.64207729024126,,,,
,Q2,205.1,212.6,215.4,198.7,100.84043930839258,101.31535382135685,98.64443062020676,100.77679539629152,,,,
,Q3,204,216.8,204.3,201.2,97.94592342574622,98.67807488991825,98.56342153278412,98.08254443788267,,,,
,Q4,231.2,243.8,231.8,228.9,100.65165691924231,101.14372431300103,104.7563068395732,99.79795480870105,,,,
2011,Q1,226.3,277.9,231.9,212.8,111.11372501858341,121.28042622596466,110.09880469432561,104.83999198656481,,,,
,Q2,220.7,236.3,230.9,212.9,105.3796942456782,116.10191246467778,109.67491304472105,101.97536288046474,,,,
,Q3,219.9,222.8,219.9,219.3,103.46378630960903,103.9257014690367,107.177392772611,103.84675118741886,,,,
,Q4,246.6,253.2,249.5,244.2,97.12985856228728,107.87223622086188,106.25767244899274,106.28395951730025,,,,
2012,Q1,237.4,252.1,248,228.7,118.70073271385206,103.91870466964261,126.06521757928637,112.82874819313489,,,,
,Q2,239.7,234.8,252.3,234.4,116.78121854864219,106.55917362082164,129.71598536855248,112.6528473885536,,,,
,Q3,238,235.3,240.2,237.4,115.57783279643894,109.61048763313983,129.994589861885,116.39245075840353,,,,
,Q4,279.4,271.8,288.7,275.3,110.05007197716043,117.73081420417704,131.59907881445824,115.63779908460658,,,,
2013,Q1,257.6,288.2,266.6,245.8,128.76058026890192,119.9243099585454,130.54947405165072,125.86849347802624,,,,
,Q2,255.5,251.6,267.4,250.1,122.86041579025944,118.96563490352163,132.06531754659417,121.14891696854212,,,,
,Q3,251.9,250.9,256.1,249.9,123.32228747264367,120.76641160263057,133.34553668702688,121.0066271398203,,,,
,Q4,296.3,266.4,312.8,291.5,114.93994997601548,121.09738456213894,132.31453104317873,123.08345328426869,,,,
2014,Q1,271.5,288.7,274.6,266.1,132.28210391135025,119.90537619789534,132.2080346685921,130.21878599607518,,,,
,Q2,269.2,260.2,281.7,264,128.02952086578233,128.01252439972626,132.45465971987133,127.19851425958862,,,,
,Q3,263.5,271.9,277.1,254.9,126.82841277659445,131.2724771312644,133.52463955802014,128.62498974676456,,,,
,Q4,312.7,285.7,331.7,305.8,117.81714458418082,138.3488013897242,130.45585057619016,124.95334982907539,,,,
2015,Q1,285.7,349.3,284.3,274.1,134.82140236492228,130.01025853244832,131.86048650534454,131.11267763594873,98.53262984718378,101.58547287637528,98.01214606578175,98.31976902653953
,Q2,274.1,260.7,288.6,268.8,128.59390880554912,129.38509711521283,131.1799726117645,126.0459772853924,99.68222248422553,99.07147597965505,100.09879271401275,99.45954802972938
,Q3,268.9,258.2,282.5,263.5,127.1926457257097,132.21776241624872,130.3383371078134,126.3021168999663,99.10686582766294,96.98883410711028,99.11969303553786,99.79056113158222
,Q4,321.8,295.6,334.5,318.2,117.73370513613777,142.95592673298677,131.4111954904074,130.2148848426795,102.58619924659982,102.12473333374395,102.99681165663861,102.32455454642609
2016,Q1,,,,,141.2702710795146,136.7934889559838,138.716438757018,133.4674891421007,103.77435031042448,107.02047948484868,104.8139160742379,101.64099060893368
,Q2,,,,,136.37221576716217,142.57197575462052,141.08342535985295,128.56126303064556,105.52972845136182,109.48053276502145,105.9167697221844,103.68494102056441
,Q3,,,,,129.94964859166473,130.8097975328766,142.48138050038506,130.41029027377397,105.65294413277346,94.7620836940291,108.16853457244915,104.92508857059113
,Q4,,,,,125.27372367130225,142.7659983135742,135.09305613876245,135.7099835305519,106.77825172419392,100.37345814533603,106.77569051352951,106.454286708692
2017,Q1,,,,,149.51510201640582,152.1062276392361,141.8507982397048,139.81405596658135,108.33991198732447,117.01096899327527,106.80564727917894,106.53191433878153
,Q2,,,,,144.72170261035996,167.95582470755156,143.87284211531056,138.6388109411276,112.1624596156517,127.55893035689327,107.91462360265061,111.28582839413079
,Q3,,,,,144.15783826925426,156.9576987669928,145.2588840070129,144.7783268981589,114.03102805175777,114.20658039633228,108.8086291522525,115.70168707777435
,Q4,,,,,133.06392059959018,171.6751753234331,138.1480837132836,139.5340844020348,110.49822090318938,122.03165791235348,108.6277231463618,108.12336635513005
2018,Q1,,,,,159.31427909143724,168.7756640676136,148.84520229144476,152.04912721907812,116.4022521768242,125.45957752673891,113.29244231839888,116.42549388232324
,Q2,,,,,149.91592352297,176.86160233591212,147.8692806221084,143.9223780112566,115.97683692270328,134.05465161900753,111.3275904553491,115.25113509010221
,Q3,,,,,146.0382754914785,168.84488627973926,148.21732522688532,144.21439971317253,115.09124926709397,124.38017082091697,111.76647959971962,114.98062341969599
,Q4,,,,,138.1822594917049,161.8564937829244,145.51556025850135,149.88714209357823,116.49810551423603,112.3110324154257,113.61788864594429,117.24805057146999
2019,Q1,,,,,160.460043884257,154.51910030789978,156.91710753049796,154.31461600197102,119.38655354752615,118.43445694067152,119.23544179747539,119.25830496047973
,Q2,,,,,155.06299318365194,159.9596813670159,158.33371155947697,153.02125374116017,121.5481111030478,121.68731708258508,117.59108251128872,123.79863026054787
,Q3,,,,,152.68791916685228,161.8538460213889,158.8275123131564,154.16439895783728,120.15446800421631,117.14461242573486,117.95909521504937,121.5870294290518
,Q4,,,,,140.19800693520682,182.50400043404446,152.2699169700181,153.06491752357078,120.9586433438897,128.3884929516732,117.28064573988073,121.11782637582209
2020,Q1,,,,,167.74662068752153,185.09678645437958,159.72823827812945,164.32333278503805,123.00414411437754,136.29652136603926,117.05501013089776,125.4572256507241
,Q2,,,,,156.17920005089348,186.3924591994503,164.78288171229522,153.83548425571837,124.3898854812584,136.79845352632694,116.17325783217052,126.74534561633722
,Q3,,,,,161.81875485243916,188.75868646430607,167.09463423850676,158.67612966434825,124.97305643508551,133.61694461020676,120.85563301497255,126.92233294110163
,Q4,,,,,146.42962394293184,204.60507825743005,157.44493541664028,161.72130734253588,125.33805289497451,141.6828316926433,119.69838957234471,126.04901329746534
2021,Q1,,,,,175.81135797177765,205.02311526736713,173.53360759260653,170.26344180421168,129.80020107386508,158.89405869418923,126.78791029057821,128.97252145383376
,Q2,,,,,174.5159292079622,219.8747802663499,180.59523460395033,163.11362893739525,134.37299145913983,164.039541424449,129.02580141792268,133.5075944057964
,Q3,,,,,169.3988228098705,207.73021906568147,191.7132847725396,165.12831180059405,134.1921251969718,150.3160043599314,137.78473898442428,129.98210516086516
,Q4,,,,,162.49475642549203,248.04672080634313,186.88901832210775,172.09912852345326,141.83122002593907,181.16635567430544,143.0145266025103,135.98912043787155
2022,Q1,,,,,175.81135797177765,205.02311526736713,173.53360759260653,170.26344180421168,157.5071302211436,192.93137451441132,160.77622320263006,153.9571414912045
,Q2,,,,,,,,,203.0676032023635,248.1677613766646,225.84432186832203,181.63972162081404
,Q3,,,,,,,,,227.07299509859305,240.25175727854372,271.43296914680366,201.8139830018199
,Q4,,,,,,,,,225.3627632271036,249.75479427202498,249.15557675608304,210.9888972854011
2023,Q1,,,,,,,,,235.32861313468234,260.08609650772655,260.0911920062595,220.53163652200692
,Q2,,,,,,,,,236.59649881578719,277.9096637737083,236.4904770563916,226.4450573610552
,Q3,,,,,,,,,,,,
,Q4,,,,,,,,,,,,

"Source: Department of Census and Statistics, Sri Lanka",,,,,,,,,,,,,
http://www.statistics.gov.lk/NationalAccounts/StaticalInformation/GDP,,,,,,,,,,,,,

