<new sheet>
sheet_name: Depository Corporations Survey
,Depository Corporations Survey,,,,,

,Period,,Rs. million,,,
,,,Broad Money (M2b),Domestic Net Credit to Central Government ,Other Domestic Credit ,Net Foreign Assets of the Banking System
,,,Broad Money (M2b),Broad Money (M2b),Broad Money (M2b),Broad Money (M2b)
,2000,January,432180.66009792,93733,338817,102036
,,February,433555.76094701,94700,343138,101509
,,March,441840.761509045,95316,349159,99074
,,April,439970.174389,101391,352567,98367
,,May,435694.160843035,100653,356927,88958
,,June,442827.39298734,106885,368622,87014
,,July,445989.04927912,109321,369042,85560
,,August,451218.60387174,109600,372843,88816
,,September,457595.0057327,116054,378255,87664
,,October,463255.8314015,126863,387280,80070
,,November,465737.19105848,132187,395025,69933
,,December,483420.9014357832,147304,402623,69529
,2001,January,486569.890675393,148584.490675393,411521.5,82165.74557605997
,,February,488923.8087561128,147631.4087561128,410433.9,87264.25439511001
,,March,493667.5185839599,154623.5185839599,415179.6,83008.13741204998
,,April,498983.9905958224,156413.5905958224,424974.6,87722.56063975
,,May,498291.34519076906,160450.0829263691,429871.1299261601,75866.97002904
,,June,495731.1345455478,154663.8573533378,432730.78896975,81819.24845604
,,July,502416.5343659455,157091.21169568552,434353.48475349,76027.57419908
,,August,509820.07244563615,164441.4015153061,427727.840537,88125.34418409999
,,September,515945.3470318008,171876.38399906078,427743.11727231997,79916.65226304
,,October,520332.3579562596,176596.4472613096,429535.82033716,86459.54868571002
,,November,532857.1548358975,187482.5315257675,436328.57260251,79236.10791182
,,December,549137.8581646201,201311.0716373701,437564.84077387,74129.79290882
,2002,January,550197.2961185704,201609.33334879042,434152.28755614,74337.81068308
,,February,558562.6617626343,197704.7559540543,435653.13882600004,77186.88145985999
,,March,570244.7613625537,196011.05938012362,444027.99763805995,79684.47402889999
,,April,575040.7616493843,199597.3372633644,443883.33508798,87686.6434945
,,May,577056.74735204,203117.8906848,448767.811957,89266.21948080999
,,June,584335.3473829895,203488.3743112345,451898.76409983204,94043.884733805
,,July,589925.7685592165,201918.97428484203,458542.08011478954,94417.86466018448
,,August,596324.2380025833,199590.74080442323,458635.0092358352,100977.54167645758
,,September,601471.1730115544,200361.8350473144,467292.44593399996,100568.67145899999
,,October,605384.48377724,200307.15970725002,471301.88441162504,101944.2463545
,,November,614141.0931207298,199288.1732461192,475699.2870930147,104204.5702315431
,,December,622495.346047965,192993.9170948,487402.45088077505,110642.72046865002
,2003,January,629492.9286315821,194191.8979074068,482969.0437667958,120418.5708585238
,,February,635737.0689906674,186020.57253588998,485112.3342528695,122847.40907159986
,,March,643063.4300524549,191168.333774988,493914.8147474163,115529.57324941452
,,April,648591.1843852449,181221.3051449802,498043.9934804031,120373.53716204345
,,May,651250.316110261,188985.3434279298,504498.7595996734,125638.89007611541
,,June,655004.427388795,179780.518977945,506866.23934644,132964.93978582497
,,July,660456.3101664073,174487.2500200411,510120.11408576503,138747.3143406608
,,August,668743.4407295205,175716.8370182708,512627.7409028855,143872.8508631417
,,September,678893.2779231872,166503.9930240202,527730.331930644,148083.155457263
,,October,686859.6609918352,165600.1015330159,532563.8567287592,154431.62317077038
,,November,700234.0721183857,168263.40869566254,546877.2765369616,158897.7506739392
,,December,717854.8314915029,176235.84590650076,555636.290063777,167093.4938090258
,2004,January,724300.3310674799,186439.14222131588,549122.9401979019,173423.112150072
,,February,735103.20993763,173245.45400351172,563045.4438554316,185702.5483413677
,,March,746084.7010493525,188673.6672492753,568332.9288235954,180282.07195187162
,,April,749310.468525399,187799.75656246723,579842.8208738101,173092.5496402836
,,May,754995.0107523391,194941.65169707662,586232.9788581501,171313.9037254714
,,June,759794.8564741702,189781.81172495594,601605.7943540036,164258.3616013996
,,July,776842.8669845259,200318.18275537755,610449.545942,168723.7805234525
,,August,786020.600726908,203562.0389712836,619715.6748174373,163346.1060477004
,,September,801588.0414365982,213287.47196293026,629170.3809378205,166880.25140331913
,,October,813573.6551778342,215981.75507596898,642024.4230019352,155501.3530691628
,,November,834681.9778482702,225250.98073152604,662356.8058161901,163484.57082445678
,,December,858644.4702794862,220461.7991421362,675480.49052666,170217.77624762998
,2005,January,867385.2046403242,207270.6707695434,669834.9463869606,169469.4632012107
,,February,878199.6455522403,216491.6731934694,666108.8004642283,181038.92473747896
,,March,891661.2643438054,217648.82752000215,663081.347840849,181271.71257453723
,,April,904951.8343900102,224567.54979531103,675144.9984269977,186324.33349002327
,,May,901667.1046899853,231073.64396276197,690695.6254211644,175723.95502410317
,,June,913159.4018438483,232430.75639823818,701016.6918273349,183297.27951466505
,,July,928303.8283807216,230499.34006892768,719095.8499396277,179643.49886256226
,,August,945538.0630107932,239709.2091044109,759827.7693655217,185072.47720006245
,,September,959112.1029119082,239184.9859383948,776930.5969991308,178352.851537574
,,October,988773.0525549296,249317.6864126104,793349.4919912127,189778.97213548722
,,November,1006356.021188269,252200.10347426898,803625.3064550001,188431.68894000005
,,December,1022277.2597862256,249564.71419766752,817820.507359682,201329.62472947757
,2006,January,1040544.5030121175,256899.22888852865,823636.8723535013,212479.27020601818
,,February,1058933.788283857,262274.75660803076,835090.1274717465,219446.3950476747
,,March,1069380.1276891353,264277.59173567535,849133.1895079777,230760.2362096134
,,April,1084657.1898837243,268478.6920691908,859931.2742184022,226567.88607096497
,,May,1080177.3435350587,270188.6609445492,879136.1523917806,211323.52256227162
,,June,1084833.5016681864,270201.5085539124,895247.6313780176,193322.60653991328
,,July,1095047.036722434,271468.99130336277,914764.861266204,184371.05340046
,,August,1097188.3890448716,268543.1867797744,925278.1743153412,177442.43708730847
,,September,1116228.2785129761,275408.20320721087,951147.090324144,166540.27644180742
,,October,1155303.182514517,317547.19674092915,978269.4275781872,166844.30669103356
,,November,1176369.685027234,333174.1403917539,1008142.68616684,161237.54898447997
,,December,1204550.3466124786,357289.2277886004,1024714.0497392768,171190.79909235204
,2007,January,1208103.136363097,350357.7303830079,1040041.550146017,165872.055228353
,,February,1234790.5795099894,359838.7652304927,1061335.9898467737,183408.69399133738
,,March,1258541.610517354,353957.53545618115,1077083.7684436874,198460.88290070882
,,April,1266403.86541519,330130.8775882558,1100025.8081782542,190492.22452189948
,,May,1282269.2773814723,352109.29599781154,1119279.0807976127,179476.94103707373
,,June,1294024.1613389938,371447.50357999397,1134748.377242,171844.79546299996
,,July,1313001.284902065,377387.2527020649,1149809.124024,198580.84345699998
,,August,1340746.9480491604,384557.56877025747,1177093.9467996066,183349.71996447997
,,September,1357399.883019612,403153.0319877716,1191987.5192933276,182917.15762304357
,,October,1357387.7570311248,344749.6407657762,1196964.8659088863,234631.4184266475
,,November,1389854.9259147402,360290.6664908873,1218831.5369116063,230739.55847195047
,,December,1404018.5131116407,374100.55455464084,1233685.8758540002,227991.52387899993
,2008,January,1398625.1671606698,363633.95529965055,1243559.0874822994,213568.49109703087
,,February,1406964.0641549772,353937.67434359924,1240145.829291376,240688.45681243206
,,March,1430467.2924660977,368860.2103096898,1243915.0068425192,245124.98825153837
,,April,1455871.8872557941,391993.2189390628,1257821.4989522523,238351.32989454764
,,May,1450692.6337038665,394250.8455930801,1254615.282089897,235965.7201553376
,,June,1470465.868777478,391305.3485918881,1255166.57386836,253171.82706224
,,July,1485699.2126894677,404635.9841507063,1267990.4993682052,253067.55215006886
,,August,1478811.8790588125,410704.47040298604,1275750.7888324375,231152.82679838606
,,September,1501518.102122556,431972.6839875623,1287910.6681681396,214084.39262835775
,,October,1489809.7328767227,486515.47933091474,1298992.5389419158,141464.47389633005
,,November,1491130.792830911,519921.78764870006,1307924.0569845235,120683.91661865546
,,December,1522775.7469295776,582907.3844945792,1314591.1685816273,77700.10700558484
,2009,January,1528254.0966259365,636953.7334470365,1306696.33488755,47362.251531550006
,,February,1546513.0733498114,672645.9795063663,1300037.5913636568,52691.22393250838
,,March,1581580.3138743388,705008.2731158703,1285667.0094067233,62369.035454352415
,,April,1605134.9334763447,746008.3442109616,1276540.921548703,72228.32753465722
,,May,1624257.2886191718,742870.8712112294,1259459.7189391041,107750.4433190632
,,June,1645776.351698712,772742.591539486,1240189.6707888052,123919.339696441
,,July,1683066.4290562738,780684.167576148,1229578.7756419473,166780.41367473407
,,August,1702948.4263768482,712337.7234927061,1211646.91631458,274186.3261844227
,,September,1736019.702274141,648919.4535265642,1249541.7403048757,323983.86788203084
,,October,1755399.4778132925,606657.2922679621,1245317.8082788293,427758.6764388545
,,November,1770460.2287211432,605326.9018518174,1259096.8870136489,413824.71091327176
,,December,1806168.93041306,640326.357263881,1267421.5504823318,401879.6459933541
,2010,January,1800605.9266923694,657823.6127095026,1271125.0065948353,377293.77918342914
,,February,1814776.3008182708,669955.5826986977,1301251.5225153938,355697.28311793314
,,March,1851671.3715705904,656725.7213222259,1330487.01195735,362346.24424927763
,,April,1868861.9854015491,655566.0341679333,1346669.7961717243,364191.48428572516
,,May,1875268.454540823,675048.7659193904,1351219.77235376,345554.05162732746
,,June,1881429.5588234067,683912.1466740379,1375760.5271552394,342032.4025030768
,,July,1916381.8102396633,689757.7366596137,1396358.6277134644,334952.1552253787
,,August,1939710.3832508458,697386.0614012835,1432582.677697524,330398.1763896148
,,September,1971922.631268431,693081.2374958908,1466029.0354806776,347192.1262747396
,,October,2007826.8057181356,594461.7085611168,1534065.8447043113,419066.49238178495
,,November,2022307.41210573,564448.3024970148,1595563.2734797176,374299.93156976264
,,December,2091407.8297268501,627184.5237636316,1635676.5269268383,377441.9299465611
,2011,January,2101054.944092951,604551.1220729727,1664088.4736922944,344394.8902448356
,,February,2136097.139229059,645643.6894874126,1701231.794871718,335050.2420243539
,,March,2176198.835289309,659223.3770152354,1726083.5503351314,334192.5913705116
,,April,2212071.387535527,697693.2154622396,1751205.8851992353,333850.90972497425
,,May,2239036.209162498,708238.2297539641,1788167.859905539,308868.168556863
,,June,2270914.168128447,734782.6005368049,1852869.5732765794,271337.60235302866
,,July,2312285.1941538574,731215.9592907957,1868139.311270292,324405.029188697
,,August,2339670.2028247598,773009.435876291,1917116.042019752,300160.9088763848
,,September,2379865.2776391874,796410.954548526,1968955.474408415,231707.33861909097
,,October,2404951.5505617945,787485.8940515111,2043696.780653946,213237.39093229067
,,November,2438667.6223672503,801533.0339247,2124995.5513682202,168083.59088629996
,,December,2491739.850716512,833609.9849932778,2204359.6884725722,98057.29496721947
,2012,January,2523084.024935495,926775.04031598,2252169.20820157,53270.14526627498
,,February,2604656.3779448466,969958.2270741155,2324038.7736440618,43097.58999559673
,,March,2672826.6074532047,996481.7823479436,2408150.64103166,19540.375482525676
,,April,2719167.4264003257,1028529.3510031059,2436985.9263660572,20491.296541806892
,,May,2707158.763817987,1024824.7802031521,2482756.131439586,-27760.616972023854
,,June,2737070.0705907224,1010278.939849002,2510516.3033404467,-69830.13836700493
,,July,2770896.638320577,998818.863270192,2532125.3274269793,-13923.645553679147
,,August,2813408.6023676423,1031464.3503122675,2548943.1944592665,-14900.765374563518
,,September,2828650.8947942955,1035126.6388851781,2566793.215163139,-30210.94407561305
,,October,2842561.593012793,1042724.5772764259,2579037.311643858,-24119.00935068971
,,November,2880656.8665112294,1054956.2090072692,2609603.742321851,-25021.0465504037
,,December,2929070.176657767,1045232.2486015076,2650898.628760687,-25831.11689540441
,2013,January,2984631.777246331,1087317.2668842135,2659549.7934312443,-22163.25122677395
,,February,3048073.811058917,1115426.4859021525,2686086.898875757,-43901.33746377373
,,March,3089745.988573272,1180464.9614462554,2731090.110956359,-105577.46399118425
,,April,3132660.3281580587,1217208.4768503755,2747758.6260445695,-95174.18791246385
,,May,3147468.7367090713,1226837.6459929547,2750238.419179144,-112123.56684176804
,,June,3169809.6746186516,1263639.6229210864,2767249.1555890124,-169033.6450633878
,,July,3225521.3756882874,1304383.80682272,2824973.534233128,-197859.43529604794
,,August,3244571.2093175896,1342599.433960782,2828892.695738025,-216591.28279159754
,,September,3289131.970824686,1292337.8550781664,2808856.2703754036,-87899.29427041428
,,October,3362500.914547501,1329024.2429271745,2823545.5204259637,-51176.82042298617
,,November,3363136.4686878445,1325492.6891174,2826981.6194326403,-63554.44114342594
,,December,3417852.828741571,1301341.79536274,2899440.709237092,-76325.06890249008
,2014,January,3460811.544773655,1369662.2412941623,2850076.912068944,-22966.206234471407
,,February,3495405.563267052,1344574.6680397172,2830475.9759375784,68784.99344964314
,,March,3538064.90014181,1393185.483942695,2828233.990004484,96176.26385830797
,,April,3546480.673122473,1386359.2411150977,2812687.710737846,124166.3354559901
,,May,3555525.2899869634,1374907.0665263378,2804004.6835880904,159074.88099729933
,,June,3592830.18060473,1377401.3713230384,2830974.1264971606,163560.70998862816
,,July,3608027.589809764,1402207.52661293,2808782.105765895,201968.50594739045
,,August,3642182.3976379717,1362240.9451878925,2867512.9769827765,212683.2322476207
,,September,3709640.5928334077,1388662.4103786577,2945780.946522557,149534.98579109495
,,October,3747630.562588319,1401375.3423149858,3027986.0412025983,93352.19689410366
,,November,3794824.4087826097,1425107.8246086386,3113190.6154329297,27222
,,December ,3875853.236481563,1435899.7113055116,3204245.9300183,15126.04877861985
,2015,January,3896006.603543232,1557502.796762336,3248062.8308603894,-118286.70371693198
,,February ,3926630.2240120703,1644791.6829866602,3285408.3250523712,-121587.78608352738
,,March ,3980651.1832572874,1613147.7185542579,3329827.253302714,-162043.11295817595
,,April ,4038159.689784511,1626750.310035313,3357374.045364987,-171335.19704719097
,,May ,4102787.6105757947,1662710.881071736,3405048.496381912,-176961.25196429528
,,June ,4141100.5727354363,1673771.2077260122,3445807.9754316225,-205498.85805230297
,,July ,4193878.369798652,1735573.582502272,3479842.946822856,-241248.5405082777
,,August ,4252506.889365569,1735631.0048051311,3551265.468235439,-278842.746052779
,,September ,4305002.99005205,1778441.1386534972,3681586.553824744,-362660.3493320876
,,October (a),4384849.123711551,1810218.5915624981,3845465.683723394,-398431.73405414826
,,November ,4447629.340398852,1704782.8618741166,3929994.255737467,-313487.5957569489
,,December ,4565917.391833814,1759491.6177577141,3972542.779651667,-298163.14264040755
,2016,January ,4638282.483806441,1868031.7202206808,4020766.953357855,-360378.4017549678
,,February ,4703818.704867815,1920836.548160105,4073227.891266535,-401801.13729012065
,,March ,4731635.9904349,1954066.1774044,4149411.1517795003,-439895.5045762097
,,April ,4772123.919768824,1959489.3500145779,4173542.223240489,-464232.6441639581
,,May ,4781197.297524117,1965599.4954860252,4212035.55742047,-467502.7215960051
,,June ,4843738.827689572,2005428.9978811848,4282945.820739797,-491953.7466281729
,,July ,4940432.314752102,2032041.8718902257,4333004.343010006,-437601.4390786008
,,August ,4988563.099329034,1937922.1845582293,4347380.206315065,-281520.29037418374
,,September ,5096238.287161611,1948922.6467494944,4417611.886965677,-278000.98222029215
,,October ,5165732.585526609,1958166.5914090774,4504294.977614721,-283637.2394229993
,,November ,5246721.372871902,1960268.0240635248,4594800.929906809,-286930.64734943537
,,December ,5405596.067704419,1972132.681798774,4699544.673662645,-231238.07987645408
,2017,January ,5460427.6577715445,2113052.161701303,4740400.734065488,-327746.38641741744
,,February ,5551955.730261903,2192114.292196965,4827993.228648299,-369882.49835579994
,,March ,5677401.966622839,2214546.2776817186,4928614.343192627,-371466.5130190465
,,April ,5730774.348286646,2206288.810009565,4951478.541821539,-340861.62579037086
,,May ,5803166.580170324,2239739.97788215,4986714.645490425,-318523.9050066952
,,June ,5872506.557811816,2234622.795440066,5056415.408373781,-246031.37499924062
,,July,5986618.80685237,2254457.6351270345,5069232.293456592,-125084.42985335307
,,August ,6050583.495305557,2237514.9636754883,5111994.638809387,-50096.53588008031
,,September ,6132134.430408577,2223552.0332991714,5156643.6664722925,10477.344972679392
,,October ,6159242.004564727,2217747.307767057,5176176.787585204,37338.22671305644
,,November ,6183942.07460762,2160271.1257763207,5244817.299188994,67387.59472319263
,,December,6308061.536203936,2168517.275570751,5336197.3591415705,121537.89743486978
,2018,January ,6378367.030343744,2221413.386167511,5370259.722452033,127567.32402792922
,,February ,6450502.821835959,2245717.250129159,5445534.433721084,115957.95101423305
,,March,6606647.282756929,2278460.7589195753,5579086.960021651,106184.89721879119
,,April,6691729.812377512,2322488.3326923014,5625478.983415071,119446.89333496487
,,May ,6670948.257741604,2324225.0339106787,5681582.599977473,74399.32332043373
,,June ,6747648.3010163875,2273701.132324654,5775114.431706816,101204.0061736597
,,July ,6795382.131108586,2226707.5361271016,5838762.180721871,171513.77723044704
,,August ,6866412.801581971,2272420.180401986,5887854.129205642,166852.0650866836
,,September ,6933397.171719999,2427553.3706320603,6011640.657375868,7643.996280073887
,,October ,6988371.573151491,2422364.7053303374,6130854.0922752535,-16989.031572383246
,,November ,7042628.965449318,2465008.3549341965,6224355.266932763,-43030.372671414516
,,December ,7128296.689461999,2516711.389825662,6316731.0572615415,-67007.04770832113
,2019,January ,7110926.483431507,2626881.670362549,6260486.634164821,-121597.74324318767
,,February  ,7188598.011217874,2673182.1268207496,6271742.672433921,-95715.66722745716
,,March ,7253305.249085947,2614255.8556243586,6282811.874186505,30606.667804179247
,,April  ,7295455.631133894,2585676.3015241683,6262286.595173044,118110.47935983702
,,May,7294763.3830496315,2595911.043415854,6262313.31114161,108735.81821121706
,,June,7337767.151839454,2668070.1633618777,6325766.335942855,108492.67767315113
,,July ,7355431.443702592,2704081.0464411513,6323713.893377664,113983.9353841102
,,August ,7396866.275060717,2751994.196192831,6363345.273287486,111355.3836108871
,,September ,7443491.405548387,2731661.2805852904,6420854.334939774,126916.69489280134
,,October  ,7456332.3563869605,2728757.03754571,6481120.318350774,115401.28460466978
,,November,7472811.851773411,2702054.0329669793,6542030.833045788,96935.8054541793
,,December,7624120.668907756,2795927.214561397,6614811.896844713,100701.82190431631
,2020,January ,7703776.43990902,2916394.79239667,6616700.57433239,89472.84448240465
,,February ,7793001.290177311,2960041.6559608276,6654560.901474211,97383.28487858712
,,March ,8098249.111244671,3235474.765621331,6810385.746795457,28119.05826018285
,,April ,8258996.968935406,3301332.2320248294,6889466.956413869,83492.91425399494
,,May ,8293119.647235179,3464361.23145207,6838536.9448844455,-48840.521423226455
,,June ,8364748.216732508,3599386.0288638505,6783364.058400311,-11704.887718054699
,,July ,8507393.146148048,3783572.6152838063,6810560.978047293,-48898.79717551707
,,August ,8692021.178709967,3834853.6249041967,6929212.11793872,-19572.274995397776
,,September ,8870429.94400316,3981981.3245481043,7012693.006905401,-65886.11313820572
,,October ,9017479.983150518,4262995.14054258,7056609.128573844,-246578.47196585278
,,November ,9135634.833010206,4362788.939060981,7104766.532527593,-281202.8786369645
,,December ,9405733.970753659,4548061.36598224,7173111.422547279,-209468.35904690903
,2021,January ,9532696.54582566,4757959.77198118,7254739.783655088,-321082.2518428514
,,February ,9650905.73854283,4793120.576531764,7356031.915250013,-385696.66451667313
,,March ,9838636.767781746,4941847.887560311,7486620.2484451635,-429949.85511660704
,,April,9947334.174134597,4965054.87057082,7539294.517534418,-430689.3704593033
,,May,10032973.225624453,5014282.506443235,7614226.457690454,-428893.68960939994
,,June,10164762.774808567,5123878.768793804,7717007.751892849,-481345.8063131162
,,July,10303589.288984489,5411221.088525735,7802344.961071247,-699373.3896854307
,,August,10513644.48178877,5531433.75600785,7932393.603080574,-700954.6713117019
,,September,10488100.250755433,5594599.23650287,7947676.320116983,-722135.4107539477
,,October,10581729.527161457,5665030.765468162,8053410.446959477,-836562.4968828582
,,November ,10545784.865036545,5713791.707824933,8104862.101792295,-906347.2562823952
,,December,10647308.958705362,5832419.995395166,8169531.084270003,-981975.7609159651
,2022,January ,10667725.545318495,6053564.914958753,8209323.558773518,-1215586.9471202572
,,February ,10755111.286060214,6099936.579744347,8288788.745641538,-1274999.5318748332
,,March,11575558.640797008,6555681.877783431,9081369.063764842,-1888714.1157757216
,,April,11940607.974843834,6569414.841153681,9477844.690361127,-2195170.9633783884
,,May,11896968.867599156,6522545.335363593,9504926.24304479,-2082815.6843569013
,,June ,11901351.248986265,6696887.423698852,9443280.579160005,-2121925.205589014
,,July ,11955344.2030896,6826396.238140378,9427151.47983167,-2123834.1846181415
,,August,11986911.204924239,6990089.676424009,9313975.826640807,-2035098.5832452956
,,September,12051480.030225325,7043407.957746308,9279944.150485259,-1892838.7415203238
,,October ,12045718.9292109,7178423.229987761,9307871.945172193,-1873197.1915489994
,,November,12162933.89470332,7292623.126371434,9259590.861688545,-1869981.7991460592
,,December,12289636.895492472,7471108.474512255,9161164.224382801,-1766812.8016310597
,2023,January,12322462.075727083,7611633.133188788,9065828.078554,-1572733.5317815146
,,February,12345802.725401752,7470917.381597146,8972292.69681931,-1434458.92710577
,,March ,12293351.273938052,7568129.578306731,8745721.822125096,-1173747.0181489764
,,April ,12386649.987489123,8091142.006679352,8239527.572619822,-1039196.7897914371
,,May ,12306549.587987078,8110901.541802777,8087588.808323516,-837581.0245245928
,,June ,12516610.267588489,8261006.036021285,8175744.071605064,-807980.8390733863
,,July,12726250.766167711,8549410.00747854,8189996.617500089,-707023.2303401246
,,August (b),12697898.547723152,8465278.53318134,8189271.815548396,-611500.2650608793

,(a) The extraordinary increase in components of monetary aggregates in the month of October 2015 could be attributted to the merger of DFCC Vardhana Bank(LCB) and DFCC PLC(LSB) to formulate one licensed commercial bank(DFCC Bank PLC ) with effect from 01 of October 2015.,,,,,
,(b) Provisional,,,,,

,Note: ,Valuation changes arising from changes in the exchange rate have led to significant changes in monetary and credit aggregates during the period starting from March 2022.  ,,,,
,Source: Central Bank of Sri Lanka,,,,,

